5 ,0.00 ,0.00 ; 
10 ,0.00 ,0.00 ; 
15 ,0.00 ,0.00 ; 
20 ,0.00 ,0.00 ; 
25 ,0.00 ,0.00 ; 
30 ,0.00 ,0.00 ; 
35 ,0.00 ,0.00 ; 
40 ,0.00 ,0.00 ; 
45 ,0.00 ,0.00 ; 
50 ,0.00 ,0.00 ; 
55 ,0.00 ,0.00 ; 
60 ,0.00 ,0.00 ; 
65 ,0.00 ,0.00 ; 
70 ,0.00 ,0.00 ; 
75 ,0.00 ,0.00 ; 
80 ,0.00 ,0.00 ; 
86 ,0.00 ,0.00 ; 
91 ,0.00 ,0.00 ; 
96 ,0.00 ,0.00 ; 
101 ,0.00 ,0.00 ; 
106 ,0.00 ,0.00 ; 
111 ,0.00 ,0.00 ; 
116 ,0.00 ,0.00 ; 
121 ,0.00 ,0.00 ; 
126 ,0.00 ,0.00 ; 
131 ,0.00 ,0.00 ; 
136 ,0.00 ,0.00 ; 
141 ,0.00 ,0.00 ; 
146 ,0.00 ,0.00 ; 
151 ,0.00 ,0.00 ; 
156 ,0.00 ,0.00 ; 
161 ,0.00 ,0.00 ; 
166 ,0.00 ,0.00 ; 
171 ,0.00 ,0.00 ; 
176 ,0.00 ,0.00 ; 
181 ,0.00 ,0.00 ; 
186 ,0.00 ,0.00 ; 
191 ,0.00 ,0.00 ; 
196 ,0.00 ,0.00 ; 
201 ,0.00 ,0.00 ; 
206 ,0.00 ,0.00 ; 
211 ,0.00 ,0.00 ; 
216 ,0.00 ,0.00 ; 
221 ,0.00 ,0.00 ; 
226 ,0.00 ,0.00 ; 
231 ,0.00 ,0.00 ; 
236 ,0.00 ,0.00 ; 
241 ,0.00 ,0.00 ; 
246 ,0.00 ,0.00 ; 
251 ,0.00 ,0.00 ; 
256 ,0.00 ,0.00 ; 
261 ,0.00 ,0.00 ; 
266 ,0.00 ,0.00 ; 
271 ,0.00 ,0.00 ; 
276 ,0.00 ,0.00 ; 
281 ,0.00 ,0.00 ; 
286 ,0.00 ,0.00 ; 
291 ,0.00 ,0.00 ; 
296 ,0.00 ,0.00 ; 
301 ,0.00 ,0.00 ; 
306 ,0.00 ,0.00 ; 
311 ,0.00 ,0.00 ; 
316 ,0.00 ,0.00 ; 
321 ,0.00 ,0.00 ; 
326 ,0.00 ,0.00 ; 
331 ,0.00 ,0.00 ; 
336 ,0.00 ,0.00 ; 
342 ,0.00 ,0.00 ; 
347 ,0.00 ,0.00 ; 
352 ,0.00 ,0.00 ; 
357 ,0.00 ,0.00 ; 
362 ,0.00 ,0.00 ; 
367 ,0.00 ,0.00 ; 
372 ,0.00 ,0.00 ; 
377 ,0.00 ,0.00 ; 
382 ,0.00 ,0.00 ; 
387 ,0.00 ,0.00 ; 
392 ,0.00 ,0.00 ; 
397 ,0.00 ,0.00 ; 
402 ,0.00 ,0.00 ; 
407 ,0.00 ,0.00 ; 
412 ,0.00 ,0.00 ; 
417 ,0.00 ,0.00 ; 
422 ,0.00 ,0.00 ; 
427 ,0.00 ,0.00 ; 
432 ,0.00 ,0.00 ; 
437 ,0.00 ,0.00 ; 
442 ,0.00 ,0.00 ; 
447 ,0.00 ,0.00 ; 
452 ,0.00 ,0.00 ; 
457 ,0.00 ,0.00 ; 
462 ,0.00 ,0.00 ; 
467 ,0.00 ,0.00 ; 
472 ,0.00 ,0.00 ; 
477 ,0.00 ,0.00 ; 
482 ,0.00 ,0.00 ; 
487 ,0.00 ,0.00 ; 
492 ,0.00 ,0.00 ; 
497 ,0.00 ,0.00 ; 
502 ,0.00 ,0.00 ; 
507 ,0.00 ,0.00 ; 
512 ,0.00 ,0.00 ; 
517 ,0.00 ,0.00 ; 
522 ,0.00 ,0.00 ; 
527 ,0.00 ,0.00 ; 
532 ,0.00 ,0.00 ; 
537 ,0.00 ,0.00 ; 
542 ,0.00 ,0.00 ; 
547 ,0.00 ,0.00 ; 
552 ,0.00 ,0.00 ; 
557 ,0.00 ,0.00 ; 
562 ,0.00 ,0.00 ; 
567 ,0.00 ,0.00 ; 
572 ,0.00 ,0.00 ; 
577 ,0.00 ,0.00 ; 
582 ,0.00 ,0.00 ; 
587 ,0.00 ,0.00 ; 
592 ,0.00 ,0.00 ; 
598 ,0.00 ,0.00 ; 
603 ,0.00 ,0.00 ; 
608 ,0.00 ,0.00 ; 
613 ,0.00 ,0.00 ; 
618 ,0.00 ,0.00 ; 
623 ,0.00 ,0.00 ; 
628 ,0.00 ,0.00 ; 
633 ,0.00 ,0.00 ; 
638 ,0.00 ,0.00 ; 
643 ,0.00 ,0.00 ; 
648 ,0.00 ,0.00 ; 
653 ,0.00 ,0.00 ; 
658 ,0.00 ,0.00 ; 
663 ,0.00 ,0.00 ; 
668 ,0.00 ,0.00 ; 
673 ,0.00 ,0.00 ; 
678 ,0.00 ,0.00 ; 
683 ,0.00 ,0.00 ; 
688 ,0.00 ,0.00 ; 
693 ,0.00 ,0.00 ; 
698 ,0.00 ,0.00 ; 
703 ,0.00 ,0.00 ; 
708 ,0.00 ,0.00 ; 
713 ,0.00 ,0.00 ; 
718 ,0.00 ,0.00 ; 
723 ,0.00 ,0.00 ; 
728 ,0.00 ,0.00 ; 
733 ,0.00 ,0.00 ; 
738 ,0.00 ,0.00 ; 
743 ,0.00 ,0.00 ; 
748 ,0.00 ,0.00 ; 
753 ,0.00 ,0.00 ; 
758 ,0.00 ,0.00 ; 
763 ,0.00 ,0.00 ; 
768 ,0.00 ,0.00 ; 
773 ,0.00 ,0.00 ; 
778 ,0.00 ,0.00 ; 
783 ,0.00 ,0.00 ; 
788 ,0.00 ,0.00 ; 
793 ,0.00 ,0.00 ; 
798 ,0.00 ,0.00 ; 
803 ,0.00 ,0.00 ; 
808 ,0.00 ,0.00 ; 
813 ,0.00 ,0.00 ; 
818 ,0.00 ,0.00 ; 
823 ,0.00 ,0.00 ; 
828 ,0.00 ,0.00 ; 
833 ,0.00 ,0.00 ; 
838 ,0.00 ,0.00 ; 
843 ,0.00 ,0.00 ; 
848 ,0.00 ,0.00 ; 
854 ,0.00 ,0.00 ; 
859 ,0.00 ,0.00 ; 
864 ,0.00 ,0.00 ; 
869 ,0.00 ,0.00 ; 
874 ,0.00 ,0.00 ; 
879 ,0.00 ,0.00 ; 
884 ,0.00 ,0.00 ; 
889 ,0.00 ,0.00 ; 
894 ,0.00 ,0.00 ; 
899 ,0.00 ,0.00 ; 
904 ,0.00 ,0.00 ; 
909 ,0.00 ,0.00 ; 
914 ,0.00 ,0.00 ; 
919 ,0.00 ,0.00 ; 
924 ,0.00 ,0.00 ; 
929 ,0.00 ,0.00 ; 
934 ,0.00 ,0.00 ; 
939 ,0.00 ,0.00 ; 
944 ,0.00 ,0.00 ; 
949 ,0.00 ,0.00 ; 
954 ,0.00 ,0.00 ; 
959 ,0.00 ,0.00 ; 
964 ,0.00 ,0.00 ; 
969 ,0.00 ,0.00 ; 
974 ,0.00 ,0.00 ; 
979 ,0.00 ,0.00 ; 
984 ,0.00 ,0.00 ; 
989 ,0.00 ,0.00 ; 
994 ,0.00 ,0.00 ; 
999 ,0.00 ,0.00 ; 
1004 ,5.00 ,0.00 ; 
1009 ,5.00 ,0.00 ; 
1014 ,5.00 ,0.99 ; 
1019 ,5.00 ,229.99 ; 
1024 ,5.00 ,285.71 ; 
1029 ,5.00 ,360.23 ; 
1034 ,5.00 ,404.53 ; 
1039 ,5.00 ,456.20 ; 
1044 ,5.00 ,478.01 ; 
1049 ,5.00 ,503.02 ; 
1054 ,5.00 ,520.83 ; 
1059 ,5.00 ,530.79 ; 
1064 ,5.00 ,544.66 ; 
1069 ,5.00 ,554.32 ; 
1074 ,5.00 ,555.56 ; 
1079 ,5.00 ,564.33 ; 
1084 ,5.00 ,569.48 ; 
1089 ,5.00 ,569.48 ; 
1094 ,5.00 ,581.40 ; 
1099 ,5.00 ,574.71 ; 
1104 ,5.00 ,581.40 ; 
1110 ,5.00 ,586.85 ; 
1115 ,5.00 ,589.62 ; 
1120 ,5.00 ,582.75 ; 
1125 ,5.00 ,589.62 ; 
1130 ,5.00 ,591.02 ; 
1135 ,5.00 ,592.42 ; 
1140 ,5.00 ,584.11 ; 
1145 ,5.00 ,586.85 ; 
1150 ,5.00 ,591.02 ; 
1155 ,5.00 ,591.02 ; 
1160 ,5.00 ,589.62 ; 
1165 ,5.00 ,588.24 ; 
1170 ,5.00 ,588.24 ; 
1175 ,5.00 ,589.62 ; 
1180 ,5.00 ,588.24 ; 
1185 ,5.00 ,584.11 ; 
1190 ,5.00 ,588.24 ; 
1195 ,5.00 ,589.62 ; 
1200 ,5.00 ,585.48 ; 
1205 ,5.00 ,584.11 ; 
1210 ,5.00 ,586.85 ; 
1215 ,5.00 ,586.85 ; 
1220 ,5.00 ,584.11 ; 
1225 ,5.00 ,577.37 ; 
1230 ,5.00 ,577.37 ; 
1235 ,5.00 ,578.70 ; 
1240 ,5.00 ,578.70 ; 
1245 ,5.00 ,578.70 ; 
1250 ,5.00 ,584.11 ; 
1255 ,5.00 ,584.11 ; 
1260 ,5.00 ,582.75 ; 
1265 ,5.00 ,585.48 ; 
1270 ,5.00 ,585.48 ; 
1275 ,5.00 ,585.48 ; 
1280 ,5.00 ,577.37 ; 
1285 ,5.00 ,580.05 ; 
1290 ,5.00 ,586.85 ; 
1295 ,5.00 ,586.85 ; 
1300 ,5.00 ,588.24 ; 
1305 ,5.00 ,593.82 ; 
1310 ,5.00 ,596.66 ; 
1315 ,5.00 ,596.66 ; 
1320 ,5.00 ,588.24 ; 
1325 ,5.00 ,588.24 ; 
1330 ,5.00 ,593.82 ; 
1335 ,5.00 ,593.82 ; 
1340 ,5.00 ,585.48 ; 
1345 ,5.00 ,589.62 ; 
1350 ,5.00 ,595.24 ; 
1355 ,5.00 ,593.82 ; 
1360 ,5.00 ,588.24 ; 
1366 ,5.00 ,584.11 ; 
1371 ,5.00 ,589.62 ; 
1376 ,5.00 ,589.62 ; 
1381 ,5.00 ,581.40 ; 
1386 ,5.00 ,580.05 ; 
1391 ,5.00 ,584.11 ; 
1396 ,5.00 ,586.85 ; 
1401 ,5.00 ,578.70 ; 
1406 ,5.00 ,581.40 ; 
1411 ,5.00 ,586.85 ; 
1416 ,5.00 ,584.11 ; 
1421 ,5.00 ,577.37 ; 
1426 ,5.00 ,584.11 ; 
1431 ,5.00 ,586.85 ; 
1436 ,5.00 ,582.75 ; 
1441 ,5.00 ,581.40 ; 
1446 ,5.00 ,589.62 ; 
1451 ,5.00 ,592.42 ; 
1456 ,5.00 ,585.48 ; 
1461 ,5.00 ,588.24 ; 
1466 ,5.00 ,593.82 ; 
1471 ,5.00 ,595.24 ; 
1476 ,5.00 ,589.62 ; 
1481 ,5.00 ,591.02 ; 
1486 ,5.00 ,595.24 ; 
1491 ,5.00 ,600.96 ; 
1496 ,5.00 ,600.96 ; 
1501 ,5.00 ,596.66 ; 
1506 ,5.00 ,596.66 ; 
1511 ,5.00 ,596.66 ; 
1516 ,5.00 ,598.09 ; 
1521 ,5.00 ,596.66 ; 
1526 ,5.00 ,588.24 ; 
1531 ,5.00 ,584.11 ; 
1536 ,5.00 ,589.62 ; 
1541 ,5.00 ,588.24 ; 
1546 ,5.00 ,586.85 ; 
1551 ,5.00 ,584.11 ; 
1556 ,5.00 ,588.24 ; 
1561 ,5.00 ,589.62 ; 
1566 ,5.00 ,584.11 ; 
1571 ,5.00 ,580.05 ; 
1576 ,5.00 ,582.75 ; 
1581 ,5.00 ,581.40 ; 
1586 ,5.00 ,576.04 ; 
1591 ,5.00 ,580.05 ; 
1596 ,5.00 ,582.75 ; 
1601 ,5.00 ,585.48 ; 
1606 ,5.00 ,581.40 ; 
1611 ,5.00 ,585.48 ; 
1616 ,5.00 ,592.42 ; 
1622 ,5.00 ,586.85 ; 
1627 ,5.00 ,584.11 ; 
1632 ,5.00 ,588.24 ; 
1637 ,5.00 ,589.62 ; 
1642 ,5.00 ,589.62 ; 
1647 ,5.00 ,586.85 ; 
1652 ,5.00 ,593.82 ; 
1657 ,5.00 ,596.66 ; 
1662 ,5.00 ,593.82 ; 
1667 ,5.00 ,589.62 ; 
1672 ,5.00 ,592.42 ; 
1677 ,5.00 ,595.24 ; 
1682 ,5.00 ,595.24 ; 
1687 ,5.00 ,589.62 ; 
1692 ,5.00 ,593.82 ; 
1697 ,5.00 ,602.41 ; 
1702 ,5.00 ,603.86 ; 
1707 ,5.00 ,598.09 ; 
1712 ,5.00 ,592.42 ; 
1717 ,5.00 ,592.42 ; 
1722 ,5.00 ,593.82 ; 
1727 ,5.00 ,586.85 ; 
1732 ,5.00 ,580.05 ; 
1737 ,5.00 ,585.48 ; 
1742 ,5.00 ,589.62 ; 
1747 ,5.00 ,591.02 ; 
1752 ,5.00 ,585.48 ; 
1757 ,5.00 ,582.75 ; 
1762 ,5.00 ,586.85 ; 
1767 ,5.00 ,584.11 ; 
1772 ,5.00 ,584.11 ; 
1777 ,5.00 ,584.11 ; 
1782 ,5.00 ,588.24 ; 
1787 ,5.00 ,582.75 ; 
1792 ,5.00 ,586.85 ; 
1797 ,5.00 ,586.85 ; 
1802 ,5.00 ,596.66 ; 
1807 ,5.00 ,591.02 ; 
1812 ,5.00 ,586.85 ; 
1817 ,5.00 ,589.62 ; 
1822 ,5.00 ,592.42 ; 
1827 ,5.00 ,588.24 ; 
1832 ,5.00 ,588.24 ; 
1837 ,5.00 ,582.75 ; 
1842 ,5.00 ,589.62 ; 
1847 ,5.00 ,593.82 ; 
1852 ,5.00 ,591.02 ; 
1857 ,5.00 ,585.48 ; 
1862 ,5.00 ,586.85 ; 
1867 ,5.00 ,586.85 ; 
1872 ,5.00 ,582.75 ; 
1878 ,5.00 ,581.40 ; 
1883 ,5.00 ,585.48 ; 
1888 ,5.00 ,588.24 ; 
1893 ,5.00 ,588.24 ; 
1898 ,5.00 ,586.85 ; 
1903 ,5.00 ,591.02 ; 
1908 ,5.00 ,592.42 ; 
1913 ,5.00 ,586.85 ; 
1918 ,5.00 ,578.70 ; 
1923 ,5.00 ,582.75 ; 
1928 ,5.00 ,584.11 ; 
1933 ,5.00 ,581.40 ; 
1938 ,5.00 ,582.75 ; 
1943 ,5.00 ,585.48 ; 
1948 ,5.00 ,585.48 ; 
1953 ,5.00 ,578.70 ; 
1958 ,5.00 ,578.70 ; 
1963 ,5.00 ,581.40 ; 
1968 ,5.00 ,577.37 ; 
1973 ,5.00 ,573.39 ; 
1978 ,5.00 ,580.05 ; 
1983 ,5.00 ,582.75 ; 
1988 ,5.00 ,582.75 ; 
1993 ,5.00 ,585.48 ; 
1998 ,5.00 ,591.02 ; 
2003 ,0.00 ,586.85 ; 
2008 ,0.00 ,534.19 ; 
2013 ,0.00 ,434.78 ; 
2018 ,0.00 ,325.95 ; 
2023 ,0.00 ,270.56 ; 
2028 ,0.00 ,209.56 ; 
2033 ,0.00 ,141.32 ; 
2038 ,0.00 ,141.32 ; 
2043 ,0.00 ,141.32 ; 
2048 ,0.00 ,141.32 ; 
2053 ,0.00 ,141.32 ; 
2058 ,0.00 ,45.30 ; 
2063 ,0.00 ,45.30 ; 
2068 ,0.00 ,45.30 ; 
2073 ,0.00 ,45.30 ; 
2078 ,0.00 ,45.30 ; 
2083 ,0.00 ,45.30 ; 
2088 ,0.00 ,45.30 ; 
2093 ,0.00 ,45.30 ; 
2098 ,0.00 ,45.30 ; 
2103 ,0.00 ,45.30 ; 
2108 ,0.00 ,45.30 ; 
2113 ,0.00 ,45.30 ; 
2118 ,0.00 ,45.30 ; 
2123 ,0.00 ,45.30 ; 
2128 ,0.00 ,45.30 ; 
2134 ,0.00 ,45.30 ; 
2139 ,0.00 ,45.30 ; 
2144 ,0.00 ,45.30 ; 
2149 ,0.00 ,45.30 ; 
2154 ,0.00 ,45.30 ; 
2159 ,0.00 ,45.30 ; 
2164 ,0.00 ,45.30 ; 
2169 ,0.00 ,45.30 ; 
2174 ,0.00 ,45.30 ; 
2179 ,0.00 ,45.30 ; 
2184 ,0.00 ,45.30 ; 
2189 ,0.00 ,45.30 ; 
2194 ,0.00 ,45.30 ; 
2199 ,0.00 ,45.30 ; 
2204 ,0.00 ,45.30 ; 
2209 ,0.00 ,45.30 ; 
2214 ,0.00 ,45.30 ; 
2219 ,0.00 ,45.30 ; 
2224 ,0.00 ,45.30 ; 
2229 ,0.00 ,45.30 ; 
2234 ,0.00 ,45.30 ; 
2239 ,0.00 ,45.30 ; 
2244 ,0.00 ,45.30 ; 
2249 ,0.00 ,45.30 ; 
2254 ,0.00 ,45.30 ; 
2259 ,0.00 ,45.30 ; 
2264 ,0.00 ,45.30 ; 
2269 ,0.00 ,45.30 ; 
2274 ,0.00 ,45.30 ; 
2279 ,0.00 ,45.30 ; 
2284 ,0.00 ,45.30 ; 
2289 ,0.00 ,45.30 ; 
2294 ,0.00 ,45.30 ; 
2299 ,0.00 ,45.30 ; 
2304 ,0.00 ,45.30 ; 
2309 ,0.00 ,45.30 ; 
2314 ,0.00 ,45.30 ; 
2319 ,0.00 ,45.30 ; 
2324 ,0.00 ,45.30 ; 
2329 ,0.00 ,45.30 ; 
2334 ,0.00 ,45.30 ; 
2339 ,0.00 ,45.30 ; 
2344 ,0.00 ,45.30 ; 
2349 ,0.00 ,45.30 ; 
2354 ,0.00 ,45.30 ; 
2359 ,0.00 ,45.30 ; 
2364 ,0.00 ,45.30 ; 
2369 ,0.00 ,45.30 ; 
2374 ,0.00 ,45.30 ; 
2379 ,0.00 ,45.30 ; 
2384 ,0.00 ,45.30 ; 
2390 ,0.00 ,45.30 ; 
2395 ,0.00 ,45.30 ; 
2400 ,0.00 ,45.30 ; 
2405 ,0.00 ,45.30 ; 
2410 ,0.00 ,45.30 ; 
2415 ,0.00 ,45.30 ; 
2420 ,0.00 ,45.30 ; 
2425 ,0.00 ,45.30 ; 
2430 ,0.00 ,45.30 ; 
2435 ,0.00 ,45.30 ; 
2440 ,0.00 ,45.30 ; 
2445 ,0.00 ,45.30 ; 
2450 ,0.00 ,45.30 ; 
2455 ,0.00 ,45.30 ; 
2460 ,0.00 ,45.30 ; 
2465 ,0.00 ,45.30 ; 
2470 ,0.00 ,45.30 ; 
2475 ,0.00 ,45.30 ; 
2480 ,0.00 ,45.30 ; 
2485 ,0.00 ,45.30 ; 
2490 ,0.00 ,45.30 ; 
2495 ,0.00 ,45.30 ; 
2500 ,0.00 ,45.30 ; 
2505 ,0.00 ,45.30 ; 
2510 ,0.00 ,45.30 ; 
2515 ,0.00 ,45.30 ; 
2520 ,0.00 ,45.30 ; 
2525 ,0.00 ,45.30 ; 
2530 ,0.00 ,45.30 ; 
2535 ,0.00 ,45.30 ; 
2540 ,0.00 ,45.30 ; 
2545 ,0.00 ,45.30 ; 
2550 ,0.00 ,45.30 ; 
2555 ,0.00 ,45.30 ; 
2560 ,0.00 ,45.30 ; 
2565 ,0.00 ,45.30 ; 
2570 ,0.00 ,45.30 ; 
2575 ,0.00 ,45.30 ; 
2580 ,0.00 ,45.30 ; 
2585 ,0.00 ,45.30 ; 
2590 ,0.00 ,45.30 ; 
2595 ,0.00 ,45.30 ; 
2600 ,0.00 ,45.30 ; 
2605 ,0.00 ,45.30 ; 
2610 ,0.00 ,45.30 ; 
2615 ,0.00 ,45.30 ; 
2620 ,0.00 ,45.30 ; 
2625 ,0.00 ,45.30 ; 
2630 ,0.00 ,45.30 ; 
2635 ,0.00 ,45.30 ; 
2640 ,0.00 ,45.30 ; 
2646 ,0.00 ,45.30 ; 
2651 ,0.00 ,45.30 ; 
2656 ,0.00 ,45.30 ; 
2661 ,0.00 ,45.30 ; 
2666 ,0.00 ,45.30 ; 
2671 ,0.00 ,45.30 ; 
2676 ,0.00 ,45.30 ; 
2681 ,0.00 ,45.30 ; 
2686 ,0.00 ,45.30 ; 
2691 ,0.00 ,45.30 ; 
2696 ,0.00 ,45.30 ; 
2701 ,0.00 ,45.30 ; 
2706 ,0.00 ,45.30 ; 
2711 ,0.00 ,45.30 ; 
2716 ,0.00 ,45.30 ; 
2721 ,0.00 ,45.30 ; 
2726 ,0.00 ,45.30 ; 
2731 ,0.00 ,45.30 ; 
2736 ,0.00 ,45.30 ; 
2741 ,0.00 ,45.30 ; 
2746 ,0.00 ,45.30 ; 
2751 ,0.00 ,45.30 ; 
2756 ,0.00 ,45.30 ; 
2761 ,0.00 ,45.30 ; 
2766 ,0.00 ,45.30 ; 
2771 ,0.00 ,45.30 ; 
2776 ,0.00 ,45.30 ; 
2781 ,0.00 ,45.30 ; 
2786 ,0.00 ,45.30 ; 
2791 ,0.00 ,45.30 ; 
2796 ,0.00 ,45.30 ; 
2801 ,0.00 ,45.30 ; 
2806 ,0.00 ,45.30 ; 
2811 ,0.00 ,45.30 ; 
2816 ,0.00 ,45.30 ; 
2821 ,0.00 ,45.30 ; 
2826 ,0.00 ,45.30 ; 
2831 ,0.00 ,45.30 ; 
2836 ,0.00 ,45.30 ; 
2841 ,0.00 ,45.30 ; 
2846 ,0.00 ,45.30 ; 
2851 ,0.00 ,45.30 ; 
2856 ,0.00 ,45.30 ; 
2861 ,0.00 ,45.30 ; 
2866 ,0.00 ,45.30 ; 
2871 ,0.00 ,45.30 ; 
2876 ,0.00 ,45.30 ; 
2881 ,0.00 ,45.30 ; 
2886 ,0.00 ,45.30 ; 
2891 ,0.00 ,45.30 ; 
2896 ,0.00 ,45.30 ; 
2902 ,0.00 ,45.30 ; 
2907 ,0.00 ,45.30 ; 
2912 ,0.00 ,45.30 ; 
2917 ,0.00 ,45.30 ; 
2922 ,0.00 ,45.30 ; 
2927 ,0.00 ,45.30 ; 
2932 ,0.00 ,45.30 ; 
2937 ,0.00 ,45.30 ; 
2942 ,0.00 ,45.30 ; 
2947 ,0.00 ,45.30 ; 
2952 ,0.00 ,45.30 ; 
2957 ,0.00 ,45.30 ; 
2962 ,0.00 ,45.30 ; 
2967 ,0.00 ,45.30 ; 
2972 ,0.00 ,45.30 ; 
2977 ,0.00 ,45.30 ; 
2982 ,0.00 ,45.30 ; 
2987 ,0.00 ,45.30 ; 
2992 ,0.00 ,45.30 ; 
2997 ,0.00 ,45.30 ; 
3002 ,0.00 ,45.30 ; 
3007 ,0.00 ,45.30 ; 
3012 ,0.00 ,45.30 ; 
3017 ,0.00 ,45.30 ; 
3022 ,0.00 ,45.30 ; 
3027 ,0.00 ,45.30 ; 
3032 ,0.00 ,45.30 ; 
3037 ,0.00 ,45.30 ; 
3042 ,0.00 ,45.30 ; 
3047 ,0.00 ,45.30 ; 
3052 ,0.00 ,45.30 ; 
3057 ,0.00 ,45.30 ; 
3062 ,0.00 ,45.30 ; 
3067 ,0.00 ,45.30 ; 
3072 ,0.00 ,45.30 ; 
3077 ,0.00 ,45.30 ; 
3082 ,0.00 ,45.30 ; 
3087 ,0.00 ,45.30 ; 
3092 ,0.00 ,45.30 ; 
3097 ,0.00 ,45.30 ; 
3102 ,0.00 ,45.30 ; 
3107 ,0.00 ,45.30 ; 
3112 ,0.00 ,45.30 ; 
3117 ,0.00 ,45.30 ; 
3122 ,0.00 ,45.30 ; 
3127 ,0.00 ,45.30 ; 
3132 ,0.00 ,45.30 ; 
3137 ,0.00 ,45.30 ; 
3142 ,0.00 ,45.30 ; 
3147 ,0.00 ,45.30 ; 
3152 ,0.00 ,45.30 ; 
3158 ,0.00 ,45.30 ; 
3163 ,0.00 ,45.30 ; 
3168 ,0.00 ,45.30 ; 
3173 ,0.00 ,45.30 ; 
3178 ,0.00 ,45.30 ; 
3183 ,0.00 ,45.30 ; 
3188 ,0.00 ,45.30 ; 
3193 ,0.00 ,45.30 ; 
3198 ,0.00 ,45.30 ; 
3203 ,0.00 ,45.30 ; 
3208 ,0.00 ,45.30 ; 
3213 ,0.00 ,45.30 ; 
3218 ,0.00 ,45.30 ; 
3223 ,0.00 ,45.30 ; 
3228 ,0.00 ,45.30 ; 
3233 ,0.00 ,45.30 ; 
3238 ,0.00 ,45.30 ; 
3243 ,0.00 ,45.30 ; 
3248 ,0.00 ,45.30 ; 
3253 ,0.00 ,45.30 ; 
3258 ,0.00 ,45.30 ; 
3263 ,0.00 ,45.30 ; 
3268 ,0.00 ,45.30 ; 
3273 ,0.00 ,45.30 ; 
3278 ,0.00 ,45.30 ; 
3283 ,0.00 ,45.30 ; 
3288 ,0.00 ,45.30 ; 
3293 ,0.00 ,45.30 ; 
3298 ,0.00 ,45.30 ; 
3303 ,0.00 ,45.30 ; 
3308 ,0.00 ,45.30 ; 
3313 ,0.00 ,45.30 ; 
3318 ,0.00 ,45.30 ; 
3323 ,0.00 ,45.30 ; 
3328 ,0.00 ,45.30 ; 
3333 ,0.00 ,45.30 ; 
3338 ,0.00 ,45.30 ; 
3343 ,0.00 ,45.30 ; 
3348 ,0.00 ,45.30 ; 
3353 ,0.00 ,45.30 ; 
3358 ,0.00 ,45.30 ; 
3363 ,0.00 ,45.30 ; 
3368 ,0.00 ,45.30 ; 
3373 ,0.00 ,45.30 ; 
3378 ,0.00 ,45.30 ; 
3383 ,0.00 ,45.30 ; 
3388 ,0.00 ,45.30 ; 
3393 ,0.00 ,45.30 ; 
3398 ,0.00 ,45.30 ; 
3403 ,0.00 ,45.30 ; 
3408 ,0.00 ,45.30 ; 
3414 ,0.00 ,45.30 ; 
3419 ,0.00 ,45.30 ; 
3424 ,0.00 ,45.30 ; 
3429 ,0.00 ,45.30 ; 
3434 ,0.00 ,45.30 ; 
3439 ,0.00 ,45.30 ; 
3444 ,0.00 ,45.30 ; 
3449 ,0.00 ,45.30 ; 
3454 ,0.00 ,45.30 ; 
3459 ,0.00 ,45.30 ; 
3464 ,0.00 ,45.30 ; 
3469 ,0.00 ,45.30 ; 
3474 ,0.00 ,45.30 ; 
3479 ,0.00 ,45.30 ; 
3484 ,0.00 ,45.30 ; 
3489 ,0.00 ,45.30 ; 
3494 ,0.00 ,45.30 ; 
3499 ,0.00 ,45.30 ; 
3504 ,0.00 ,45.30 ; 
3509 ,0.00 ,45.30 ; 
3514 ,0.00 ,45.30 ; 
3519 ,0.00 ,45.30 ; 
3524 ,0.00 ,45.30 ; 
3529 ,0.00 ,45.30 ; 
3534 ,0.00 ,45.30 ; 
3539 ,0.00 ,45.30 ; 
3544 ,0.00 ,45.30 ; 
3549 ,0.00 ,45.30 ; 
3554 ,0.00 ,45.30 ; 
3559 ,0.00 ,45.30 ; 
3564 ,0.00 ,45.30 ; 
3569 ,0.00 ,45.30 ; 
3574 ,0.00 ,45.30 ; 
3579 ,0.00 ,45.30 ; 
3584 ,0.00 ,45.30 ; 
3589 ,0.00 ,45.30 ; 
3594 ,0.00 ,45.30 ; 
3599 ,0.00 ,45.30 ; 
3604 ,0.00 ,45.30 ; 
3609 ,0.00 ,45.30 ; 
3614 ,0.00 ,45.30 ; 
3619 ,0.00 ,45.30 ; 
3624 ,0.00 ,45.30 ; 
3629 ,0.00 ,45.30 ; 
3634 ,0.00 ,45.30 ; 
3639 ,0.00 ,45.30 ; 
3644 ,0.00 ,45.30 ; 
3649 ,0.00 ,45.30 ; 
3654 ,0.00 ,45.30 ; 
3659 ,0.00 ,45.30 ; 
3664 ,0.00 ,45.30 ; 
3670 ,0.00 ,45.30 ; 
3675 ,0.00 ,45.30 ; 
3680 ,0.00 ,45.30 ; 
3685 ,0.00 ,45.30 ; 
3690 ,0.00 ,45.30 ; 
3695 ,0.00 ,45.30 ; 
3700 ,0.00 ,45.30 ; 
3705 ,0.00 ,45.30 ; 
3710 ,0.00 ,45.30 ; 
3715 ,0.00 ,45.30 ; 
3720 ,0.00 ,45.30 ; 
3725 ,0.00 ,45.30 ; 
3730 ,0.00 ,45.30 ; 
3735 ,0.00 ,45.30 ; 
3740 ,0.00 ,45.30 ; 
3745 ,0.00 ,45.30 ; 
3750 ,0.00 ,45.30 ; 
3755 ,0.00 ,45.30 ; 
3760 ,0.00 ,45.30 ; 
3765 ,0.00 ,45.30 ; 
3770 ,0.00 ,45.30 ; 
3775 ,0.00 ,45.30 ; 
3780 ,0.00 ,45.30 ; 
3785 ,0.00 ,45.30 ; 
3790 ,0.00 ,45.30 ; 
3795 ,0.00 ,45.30 ; 
3800 ,0.00 ,45.30 ; 
3805 ,0.00 ,45.30 ; 
3810 ,0.00 ,45.30 ; 
3815 ,0.00 ,45.30 ; 
3820 ,0.00 ,45.30 ; 
3825 ,0.00 ,45.30 ; 
3830 ,0.00 ,45.30 ; 
3835 ,0.00 ,45.30 ; 
3840 ,0.00 ,45.30 ; 
3845 ,0.00 ,45.30 ; 
3850 ,0.00 ,45.30 ; 
3855 ,0.00 ,45.30 ; 
3860 ,0.00 ,45.30 ; 
3865 ,0.00 ,45.30 ; 
3870 ,0.00 ,45.30 ; 
3875 ,0.00 ,45.30 ; 
3880 ,0.00 ,45.30 ; 
3885 ,0.00 ,45.30 ; 
3890 ,0.00 ,45.30 ; 
3895 ,0.00 ,45.30 ; 
3900 ,0.00 ,45.30 ; 
3905 ,0.00 ,45.30 ; 
3910 ,0.00 ,45.30 ; 
3915 ,0.00 ,45.30 ; 
3920 ,0.00 ,45.30 ; 
3926 ,0.00 ,45.30 ; 
3931 ,0.00 ,45.30 ; 
3936 ,0.00 ,45.30 ; 
3941 ,0.00 ,45.30 ; 
3946 ,0.00 ,45.30 ; 
3951 ,0.00 ,45.30 ; 
3956 ,0.00 ,45.30 ; 
3961 ,0.00 ,45.30 ; 
3966 ,0.00 ,45.30 ; 
3971 ,0.00 ,45.30 ; 
3976 ,0.00 ,45.30 ; 
3981 ,0.00 ,45.30 ; 
3986 ,0.00 ,45.30 ; 
3991 ,0.00 ,45.30 ; 
3996 ,0.00 ,45.30 ; 
4001 ,0.00 ,45.30 ; 
4006 ,0.00 ,45.30 ; 
4011 ,0.00 ,45.30 ; 
4016 ,0.00 ,45.30 ; 
4021 ,0.00 ,45.30 ; 
4026 ,0.00 ,45.30 ; 
4031 ,0.00 ,45.30 ; 
4036 ,0.00 ,45.30 ; 
4041 ,0.00 ,45.30 ; 
4046 ,0.00 ,45.30 ; 
4051 ,0.00 ,45.30 ; 
4056 ,0.00 ,45.30 ; 
4061 ,0.00 ,45.30 ; 
4066 ,0.00 ,45.30 ; 
4071 ,0.00 ,45.30 ; 
4076 ,0.00 ,45.30 ; 
4081 ,0.00 ,45.30 ; 
4086 ,0.00 ,45.30 ; 
4091 ,0.00 ,45.30 ; 
4096 ,0.00 ,45.30 ; 
4101 ,0.00 ,45.30 ; 
4106 ,0.00 ,45.30 ; 
4111 ,0.00 ,45.30 ; 
4116 ,0.00 ,45.30 ; 
4121 ,0.00 ,45.30 ; 
4126 ,0.00 ,45.30 ; 
4131 ,0.00 ,45.30 ; 
4136 ,0.00 ,45.30 ; 
4141 ,0.00 ,45.30 ; 
4146 ,0.00 ,45.30 ; 
4151 ,0.00 ,45.30 ; 
4156 ,0.00 ,45.30 ; 
4161 ,0.00 ,45.30 ; 
4166 ,0.00 ,45.30 ; 
4171 ,0.00 ,45.30 ; 
4176 ,0.00 ,45.30 ; 
4182 ,0.00 ,45.30 ; 
4187 ,0.00 ,45.30 ; 
4192 ,0.00 ,45.30 ; 
4197 ,0.00 ,45.30 ; 
4202 ,0.00 ,45.30 ; 
4207 ,0.00 ,45.30 ; 
4212 ,0.00 ,45.30 ; 
4217 ,0.00 ,45.30 ; 
4222 ,0.00 ,45.30 ; 
4227 ,0.00 ,45.30 ; 
4232 ,0.00 ,45.30 ; 
4237 ,0.00 ,45.30 ; 
4242 ,0.00 ,45.30 ; 
4247 ,0.00 ,45.30 ; 
4252 ,0.00 ,45.30 ; 
4257 ,0.00 ,45.30 ; 
4262 ,0.00 ,45.30 ; 
4267 ,0.00 ,45.30 ; 
4272 ,0.00 ,45.30 ; 
4277 ,0.00 ,45.30 ; 
4282 ,0.00 ,45.30 ; 
4287 ,0.00 ,45.30 ; 
4292 ,0.00 ,45.30 ; 
4297 ,0.00 ,45.30 ; 
4302 ,0.00 ,45.30 ; 
4307 ,0.00 ,45.30 ; 
4312 ,0.00 ,45.30 ; 
4317 ,0.00 ,45.30 ; 
4322 ,0.00 ,45.30 ; 
4327 ,0.00 ,45.30 ; 
4332 ,0.00 ,45.30 ; 
4337 ,0.00 ,45.30 ; 
4342 ,0.00 ,45.30 ; 
4347 ,0.00 ,45.30 ; 
4352 ,0.00 ,45.30 ; 
4357 ,0.00 ,45.30 ; 
4362 ,0.00 ,45.30 ; 
4367 ,0.00 ,45.30 ; 
4372 ,0.00 ,45.30 ; 
4377 ,0.00 ,45.30 ; 
4382 ,0.00 ,45.30 ; 
4387 ,0.00 ,45.30 ; 
4392 ,0.00 ,45.30 ; 
4397 ,0.00 ,45.30 ; 
4402 ,0.00 ,45.30 ; 
4407 ,0.00 ,45.30 ; 
4412 ,0.00 ,45.30 ; 
4417 ,0.00 ,45.30 ; 
4422 ,0.00 ,45.30 ; 
4427 ,0.00 ,45.30 ; 
4432 ,0.00 ,45.30 ; 
4438 ,0.00 ,45.30 ; 
4443 ,0.00 ,45.30 ; 
4448 ,0.00 ,45.30 ; 
4453 ,0.00 ,45.30 ; 
4458 ,0.00 ,45.30 ; 
4463 ,0.00 ,45.30 ; 
4468 ,0.00 ,45.30 ; 
4473 ,0.00 ,45.30 ; 
4478 ,0.00 ,45.30 ; 
4483 ,0.00 ,45.30 ; 
4488 ,0.00 ,45.30 ; 
4493 ,0.00 ,45.30 ; 
4498 ,0.00 ,45.30 ; 
4503 ,0.00 ,45.30 ; 
4508 ,0.00 ,45.30 ; 
4513 ,0.00 ,45.30 ; 
4518 ,0.00 ,45.30 ; 
4523 ,0.00 ,45.30 ; 
4528 ,0.00 ,45.30 ; 
4533 ,0.00 ,45.30 ; 
4538 ,0.00 ,45.30 ; 
4543 ,0.00 ,45.30 ; 
4548 ,0.00 ,45.30 ; 
4553 ,0.00 ,45.30 ; 
4558 ,0.00 ,45.30 ; 
4563 ,0.00 ,45.30 ; 
4568 ,0.00 ,45.30 ; 
4573 ,0.00 ,45.30 ; 
4578 ,0.00 ,45.30 ; 
4583 ,0.00 ,45.30 ; 
4588 ,0.00 ,45.30 ; 
4593 ,0.00 ,45.30 ; 
4598 ,0.00 ,45.30 ; 
4603 ,0.00 ,45.30 ; 
4608 ,0.00 ,45.30 ; 
4613 ,0.00 ,45.30 ; 
4618 ,0.00 ,45.30 ; 
4623 ,0.00 ,45.30 ; 
4628 ,0.00 ,45.30 ; 
4633 ,0.00 ,45.30 ; 
4638 ,0.00 ,45.30 ; 
4643 ,0.00 ,45.30 ; 
4648 ,0.00 ,45.30 ; 
4653 ,0.00 ,45.30 ; 
4658 ,0.00 ,45.30 ; 
4663 ,0.00 ,45.30 ; 
4668 ,0.00 ,45.30 ; 
4673 ,0.00 ,45.30 ; 
4678 ,0.00 ,45.30 ; 
4683 ,0.00 ,45.30 ; 
4688 ,0.00 ,45.30 ; 
4694 ,0.00 ,45.30 ; 
4699 ,0.00 ,45.30 ; 
4704 ,0.00 ,45.30 ; 
4709 ,0.00 ,45.30 ; 
4714 ,0.00 ,45.30 ; 
4719 ,0.00 ,45.30 ; 
4724 ,0.00 ,45.30 ; 
4729 ,0.00 ,45.30 ; 
4734 ,0.00 ,45.30 ; 
4739 ,0.00 ,45.30 ; 
4744 ,0.00 ,45.30 ; 
4749 ,0.00 ,45.30 ; 
4754 ,0.00 ,45.30 ; 
4759 ,0.00 ,45.30 ; 
4764 ,0.00 ,45.30 ; 
4769 ,0.00 ,45.30 ; 
4774 ,0.00 ,45.30 ; 
4779 ,0.00 ,45.30 ; 
4784 ,0.00 ,45.30 ; 
4789 ,0.00 ,45.30 ; 
4794 ,0.00 ,45.30 ; 
4799 ,0.00 ,45.30 ; 
4804 ,0.00 ,45.30 ; 
4809 ,0.00 ,45.30 ; 
4814 ,0.00 ,45.30 ; 
4819 ,0.00 ,45.30 ; 
4824 ,0.00 ,45.30 ; 
4829 ,0.00 ,45.30 ; 
4834 ,0.00 ,45.30 ; 
4839 ,0.00 ,45.30 ; 
4844 ,0.00 ,45.30 ; 
4849 ,0.00 ,45.30 ; 
4854 ,0.00 ,45.30 ; 
4859 ,0.00 ,45.30 ; 
4864 ,0.00 ,45.30 ; 
4869 ,0.00 ,45.30 ; 
4874 ,0.00 ,45.30 ; 
4879 ,0.00 ,45.30 ; 
4884 ,0.00 ,45.30 ; 
4889 ,0.00 ,45.30 ; 
4894 ,0.00 ,45.30 ; 
4899 ,0.00 ,45.30 ; 
4904 ,0.00 ,45.30 ; 
4909 ,0.00 ,45.30 ; 
4914 ,0.00 ,45.30 ; 
4919 ,0.00 ,45.30 ; 
4924 ,0.00 ,45.30 ; 
4929 ,0.00 ,45.30 ; 
4934 ,0.00 ,45.30 ; 
4939 ,0.00 ,45.30 ; 
4944 ,0.00 ,45.30 ; 
4950 ,0.00 ,45.30 ; 
4955 ,0.00 ,45.30 ; 
4960 ,0.00 ,45.30 ; 
4965 ,0.00 ,45.30 ; 
4970 ,0.00 ,45.30 ; 
4975 ,0.00 ,45.30 ; 
4980 ,0.00 ,45.30 ; 
4985 ,0.00 ,45.30 ; 
4990 ,0.00 ,45.30 ; 
4995 ,0.00 ,45.30 ; 
5000 ,0.00 ,45.30 ; 
5005 ,0.00 ,45.30 ; 
5010 ,0.00 ,45.30 ; 
5015 ,0.00 ,45.30 ; 
5020 ,0.00 ,45.30 ; 
5025 ,0.00 ,45.30 ; 
5030 ,0.00 ,45.30 ; 
5035 ,0.00 ,45.30 ; 
5040 ,0.00 ,45.30 ; 
5045 ,0.00 ,45.30 ; 
5050 ,0.00 ,45.30 ; 
5055 ,0.00 ,45.30 ; 
5060 ,0.00 ,45.30 ; 
5065 ,0.00 ,45.30 ; 
5070 ,0.00 ,45.30 ; 
5075 ,0.00 ,45.30 ; 
5080 ,0.00 ,45.30 ; 
5085 ,0.00 ,45.30 ; 
5090 ,0.00 ,45.30 ; 
5095 ,0.00 ,45.30 ; 
5100 ,0.00 ,45.30 ; 
5105 ,0.00 ,45.30 ; 
5110 ,0.00 ,45.30 ; 
5115 ,0.00 ,45.30 ; 
5120 ,0.00 ,45.30 ; 
5125 ,0.00 ,45.30 ; 
5130 ,0.00 ,45.30 ; 
5135 ,0.00 ,45.30 ; 
5140 ,0.00 ,45.30 ; 
5145 ,0.00 ,45.30 ; 
5150 ,0.00 ,45.30 ; 
5155 ,0.00 ,45.30 ; 
5160 ,0.00 ,45.30 ; 
5165 ,0.00 ,45.30 ; 
5170 ,0.00 ,45.30 ; 
5175 ,0.00 ,45.30 ; 
5180 ,0.00 ,45.30 ; 
5185 ,0.00 ,45.30 ; 
5190 ,0.00 ,45.30 ; 
5195 ,0.00 ,45.30 ; 
5200 ,0.00 ,45.30 ; 
5206 ,0.00 ,45.30 ; 
5211 ,0.00 ,45.30 ; 
5216 ,0.00 ,45.30 ; 
5221 ,0.00 ,45.30 ; 
5226 ,0.00 ,45.30 ; 
5231 ,0.00 ,45.30 ; 
5236 ,0.00 ,45.30 ; 
5241 ,0.00 ,45.30 ; 
5246 ,0.00 ,45.30 ; 
5251 ,0.00 ,45.30 ; 
5256 ,0.00 ,45.30 ; 
5261 ,0.00 ,45.30 ; 
5266 ,0.00 ,45.30 ; 
5271 ,0.00 ,45.30 ; 
5276 ,0.00 ,45.30 ; 
5281 ,0.00 ,45.30 ; 
5286 ,0.00 ,45.30 ; 
5291 ,0.00 ,45.30 ; 
5296 ,0.00 ,45.30 ; 
5301 ,0.00 ,45.30 ; 
5306 ,0.00 ,45.30 ; 
5311 ,0.00 ,45.30 ; 
5316 ,0.00 ,45.30 ; 
5321 ,0.00 ,45.30 ; 
5326 ,0.00 ,45.30 ; 
5331 ,0.00 ,45.30 ; 
5336 ,0.00 ,45.30 ; 
5341 ,0.00 ,45.30 ; 
5346 ,0.00 ,45.30 ; 
5351 ,0.00 ,45.30 ; 
5356 ,0.00 ,45.30 ; 
5361 ,0.00 ,45.30 ; 
5366 ,0.00 ,45.30 ; 
5371 ,0.00 ,45.30 ; 
5376 ,0.00 ,45.30 ; 
5381 ,0.00 ,45.30 ; 
5386 ,0.00 ,45.30 ; 
5391 ,0.00 ,45.30 ; 
5396 ,0.00 ,45.30 ; 
5401 ,0.00 ,45.30 ; 
5406 ,0.00 ,45.30 ; 
5411 ,0.00 ,45.30 ; 
5416 ,0.00 ,45.30 ; 
5421 ,0.00 ,45.30 ; 
5426 ,0.00 ,45.30 ; 
5431 ,0.00 ,45.30 ; 
5436 ,0.00 ,45.30 ; 
5441 ,0.00 ,45.30 ; 
5446 ,0.00 ,45.30 ; 
5451 ,0.00 ,45.30 ; 
5456 ,0.00 ,45.30 ; 
5462 ,0.00 ,45.30 ; 
5467 ,0.00 ,45.30 ; 
5472 ,0.00 ,45.30 ; 
5477 ,0.00 ,45.30 ; 
5482 ,0.00 ,45.30 ; 
5487 ,0.00 ,45.30 ; 
5492 ,0.00 ,45.30 ; 
5497 ,0.00 ,45.30 ; 
5502 ,0.00 ,45.30 ; 
5507 ,0.00 ,45.30 ; 
5512 ,0.00 ,45.30 ; 
5517 ,0.00 ,45.30 ; 
5522 ,0.00 ,45.30 ; 
5527 ,0.00 ,45.30 ; 
5532 ,0.00 ,45.30 ; 
5537 ,0.00 ,45.30 ; 
5542 ,0.00 ,45.30 ; 
5547 ,0.00 ,45.30 ; 
5552 ,0.00 ,45.30 ; 
5557 ,0.00 ,45.30 ; 
5562 ,0.00 ,45.30 ; 
5567 ,0.00 ,45.30 ; 
5572 ,0.00 ,45.30 ; 
5577 ,0.00 ,45.30 ; 
5582 ,0.00 ,45.30 ; 
5587 ,0.00 ,45.30 ; 
5592 ,0.00 ,45.30 ; 
5597 ,0.00 ,45.30 ; 
5602 ,0.00 ,45.30 ; 
5607 ,0.00 ,45.30 ; 
5612 ,0.00 ,45.30 ; 
5617 ,0.00 ,45.30 ; 
5622 ,0.00 ,45.30 ; 
5627 ,0.00 ,45.30 ; 
5632 ,0.00 ,45.30 ; 
5637 ,0.00 ,45.30 ; 
5642 ,0.00 ,45.30 ; 
5647 ,0.00 ,45.30 ; 
5652 ,0.00 ,45.30 ; 
5657 ,0.00 ,45.30 ; 
5662 ,0.00 ,45.30 ; 
5667 ,0.00 ,45.30 ; 
5672 ,0.00 ,45.30 ; 
5677 ,0.00 ,45.30 ; 
5682 ,0.00 ,45.30 ; 
5687 ,0.00 ,45.30 ; 
5692 ,0.00 ,45.30 ; 
5697 ,0.00 ,45.30 ; 
5702 ,0.00 ,45.30 ; 
5707 ,0.00 ,45.30 ; 
5712 ,0.00 ,45.30 ; 
5718 ,0.00 ,45.30 ; 
5723 ,0.00 ,45.30 ; 
5728 ,0.00 ,45.30 ; 
5733 ,0.00 ,45.30 ; 
5738 ,0.00 ,45.30 ; 
5743 ,0.00 ,45.30 ; 
5748 ,0.00 ,45.30 ; 
5753 ,0.00 ,45.30 ; 
5758 ,0.00 ,45.30 ; 
5763 ,0.00 ,45.30 ; 
5768 ,0.00 ,45.30 ; 
5773 ,0.00 ,45.30 ; 
5778 ,0.00 ,45.30 ; 
5783 ,0.00 ,45.30 ; 
5788 ,0.00 ,45.30 ; 
5793 ,0.00 ,45.30 ; 
5798 ,0.00 ,45.30 ; 
5803 ,0.00 ,45.30 ; 
5808 ,0.00 ,45.30 ; 
5813 ,0.00 ,45.30 ; 
5818 ,0.00 ,45.30 ; 
5823 ,0.00 ,45.30 ; 
5828 ,0.00 ,45.30 ; 
5833 ,0.00 ,45.30 ; 
5838 ,0.00 ,45.30 ; 
5843 ,0.00 ,45.30 ; 
5848 ,0.00 ,45.30 ; 
5853 ,0.00 ,45.30 ; 
5858 ,0.00 ,45.30 ; 
5863 ,0.00 ,45.30 ; 
5868 ,0.00 ,45.30 ; 
5873 ,0.00 ,45.30 ; 
5878 ,0.00 ,45.30 ; 
5883 ,0.00 ,45.30 ; 
5888 ,0.00 ,45.30 ; 
5893 ,0.00 ,45.30 ; 
5898 ,0.00 ,45.30 ; 
5903 ,0.00 ,45.30 ; 
5908 ,0.00 ,45.30 ; 
5913 ,0.00 ,45.30 ; 
5918 ,0.00 ,45.30 ; 
5923 ,0.00 ,45.30 ; 
5928 ,0.00 ,45.30 ; 
5933 ,0.00 ,45.30 ; 
5938 ,0.00 ,45.30 ; 
5943 ,0.00 ,45.30 ; 
5948 ,0.00 ,45.30 ; 
5953 ,0.00 ,45.30 ; 
5958 ,0.00 ,45.30 ; 
5963 ,0.00 ,45.30 ; 
5968 ,0.00 ,45.30 ; 
5974 ,0.00 ,45.30 ; 
5979 ,0.00 ,45.30 ; 
5984 ,0.00 ,45.30 ; 
5989 ,0.00 ,45.30 ; 
5994 ,0.00 ,45.30 ; 
5999 ,0.00 ,45.30 ; 
6004 ,0.00 ,45.30 ; 
6009 ,0.00 ,45.30 ; 
6014 ,0.00 ,45.30 ; 
6019 ,0.00 ,45.30 ; 
6024 ,0.00 ,45.30 ; 
6029 ,0.00 ,45.30 ; 
6034 ,0.00 ,45.30 ; 
6039 ,0.00 ,45.30 ; 
6044 ,0.00 ,45.30 ; 
6049 ,0.00 ,45.30 ; 
6054 ,0.00 ,45.30 ; 
6059 ,0.00 ,45.30 ; 
6064 ,0.00 ,45.30 ; 
6069 ,0.00 ,45.30 ; 
6074 ,0.00 ,45.30 ; 
6079 ,0.00 ,45.30 ; 
6084 ,0.00 ,45.30 ; 
6089 ,0.00 ,45.30 ; 
6094 ,0.00 ,45.30 ; 
6099 ,0.00 ,45.30 ; 
6104 ,0.00 ,45.30 ; 
6109 ,0.00 ,45.30 ; 
6114 ,0.00 ,45.30 ; 
6119 ,0.00 ,45.30 ; 
6124 ,0.00 ,45.30 ; 
6129 ,0.00 ,45.30 ; 
6134 ,0.00 ,45.30 ; 
6139 ,0.00 ,45.30 ; 
6144 ,0.00 ,45.30 ; 
6149 ,0.00 ,45.30 ; 
6154 ,0.00 ,45.30 ; 
6159 ,0.00 ,45.30 ; 
6164 ,0.00 ,45.30 ; 
6169 ,0.00 ,45.30 ; 
6174 ,0.00 ,45.30 ; 
6179 ,0.00 ,45.30 ; 
6184 ,0.00 ,45.30 ; 
6189 ,0.00 ,45.30 ; 
6194 ,0.00 ,45.30 ; 
6199 ,0.00 ,45.30 ; 
6204 ,0.00 ,45.30 ; 
6209 ,0.00 ,45.30 ; 
6214 ,0.00 ,45.30 ; 
6219 ,0.00 ,45.30 ; 
6224 ,0.00 ,45.30 ; 
6230 ,0.00 ,45.30 ; 
6235 ,0.00 ,45.30 ; 
6240 ,0.00 ,45.30 ; 
6245 ,0.00 ,45.30 ; 
6250 ,0.00 ,45.30 ; 
6255 ,0.00 ,45.30 ; 
6260 ,0.00 ,45.30 ; 
6265 ,0.00 ,45.30 ; 
6270 ,0.00 ,45.30 ; 
6275 ,0.00 ,45.30 ; 
6280 ,0.00 ,45.30 ; 
6285 ,0.00 ,45.30 ; 
6290 ,0.00 ,45.30 ; 
6295 ,0.00 ,45.30 ; 
6300 ,0.00 ,45.30 ; 
6305 ,0.00 ,45.30 ; 
6310 ,0.00 ,45.30 ; 
6315 ,0.00 ,45.30 ; 
6320 ,0.00 ,45.30 ; 
6325 ,0.00 ,45.30 ; 
6330 ,0.00 ,45.30 ; 
6335 ,0.00 ,45.30 ; 
6340 ,0.00 ,45.30 ; 
6345 ,0.00 ,45.30 ; 
6350 ,0.00 ,45.30 ; 
6355 ,0.00 ,45.30 ; 
6360 ,0.00 ,45.30 ; 
6365 ,0.00 ,45.30 ; 
6370 ,0.00 ,45.30 ; 
6375 ,0.00 ,45.30 ; 
6380 ,0.00 ,45.30 ; 
6385 ,0.00 ,45.30 ; 
6390 ,0.00 ,45.30 ; 
6395 ,0.00 ,45.30 ; 
6400 ,0.00 ,45.30 ; 
6405 ,0.00 ,45.30 ; 
6410 ,0.00 ,45.30 ; 
6415 ,0.00 ,45.30 ; 
6420 ,0.00 ,45.30 ; 
6425 ,0.00 ,45.30 ; 
6430 ,0.00 ,45.30 ; 
6435 ,0.00 ,45.30 ; 
6440 ,0.00 ,45.30 ; 
6445 ,0.00 ,45.30 ; 
6450 ,0.00 ,45.30 ; 
6455 ,0.00 ,45.30 ; 
6460 ,0.00 ,45.30 ; 
6465 ,0.00 ,45.30 ; 
6470 ,0.00 ,45.30 ; 
6475 ,0.00 ,45.30 ; 
6480 ,0.00 ,45.30 ; 
6486 ,0.00 ,45.30 ; 
6491 ,0.00 ,45.30 ; 
6496 ,0.00 ,45.30 ; 
6501 ,0.00 ,45.30 ; 
6506 ,0.00 ,45.30 ; 
6511 ,0.00 ,45.30 ; 
6516 ,0.00 ,45.30 ; 
6521 ,0.00 ,45.30 ; 
6526 ,0.00 ,45.30 ; 
6531 ,0.00 ,45.30 ; 
6536 ,0.00 ,45.30 ; 
6541 ,0.00 ,45.30 ; 
6546 ,0.00 ,45.30 ; 
6551 ,0.00 ,45.30 ; 
6556 ,0.00 ,45.30 ; 
6561 ,0.00 ,45.30 ; 
6566 ,0.00 ,45.30 ; 
6571 ,0.00 ,45.30 ; 
6576 ,0.00 ,45.30 ; 
6581 ,0.00 ,45.30 ; 
6586 ,0.00 ,45.30 ; 
6591 ,0.00 ,45.30 ; 
6596 ,0.00 ,45.30 ; 
6601 ,0.00 ,45.30 ; 
6606 ,0.00 ,45.30 ; 
6611 ,0.00 ,45.30 ; 
6616 ,0.00 ,45.30 ; 
6621 ,0.00 ,45.30 ; 
6626 ,0.00 ,45.30 ; 
6631 ,0.00 ,45.30 ; 
6636 ,0.00 ,45.30 ; 
6641 ,0.00 ,45.30 ; 
6646 ,0.00 ,45.30 ; 
6651 ,0.00 ,45.30 ; 
6656 ,0.00 ,45.30 ; 
6661 ,0.00 ,45.30 ; 
6666 ,0.00 ,45.30 ; 
6671 ,0.00 ,45.30 ; 
6676 ,0.00 ,45.30 ; 
6681 ,0.00 ,45.30 ; 
6686 ,0.00 ,45.30 ; 
6691 ,0.00 ,45.30 ; 
6696 ,0.00 ,45.30 ; 
6701 ,0.00 ,45.30 ; 
6706 ,0.00 ,45.30 ; 
6711 ,0.00 ,45.30 ; 
6716 ,0.00 ,45.30 ; 
6721 ,0.00 ,45.30 ; 
6726 ,0.00 ,45.30 ; 
6731 ,0.00 ,45.30 ; 
6736 ,0.00 ,45.30 ; 
6742 ,0.00 ,45.30 ; 
6747 ,0.00 ,45.30 ; 
6752 ,0.00 ,45.30 ; 
6757 ,0.00 ,45.30 ; 
6762 ,0.00 ,45.30 ; 
6767 ,0.00 ,45.30 ; 
6772 ,0.00 ,45.30 ; 
6777 ,0.00 ,45.30 ; 
6782 ,0.00 ,45.30 ; 
6787 ,0.00 ,45.30 ; 
6792 ,0.00 ,45.30 ; 
6797 ,0.00 ,45.30 ; 
6802 ,0.00 ,45.30 ; 
6807 ,0.00 ,45.30 ; 
6812 ,0.00 ,45.30 ; 
6817 ,0.00 ,45.30 ; 
6822 ,0.00 ,45.30 ; 
6827 ,0.00 ,45.30 ; 
6832 ,0.00 ,45.30 ; 
6837 ,0.00 ,45.30 ; 
6842 ,0.00 ,45.30 ; 
6847 ,0.00 ,45.30 ; 
6852 ,0.00 ,45.30 ; 
6857 ,0.00 ,45.30 ; 
6862 ,0.00 ,45.30 ; 
6867 ,0.00 ,45.30 ; 
6872 ,0.00 ,45.30 ; 
6877 ,0.00 ,45.30 ; 
6882 ,0.00 ,45.30 ; 
6887 ,0.00 ,45.30 ; 
6892 ,0.00 ,45.30 ; 
6897 ,0.00 ,45.30 ; 
6902 ,0.00 ,45.30 ; 
6907 ,0.00 ,45.30 ; 
6912 ,0.00 ,45.30 ; 
6917 ,0.00 ,45.30 ; 
6922 ,0.00 ,45.30 ; 
6927 ,0.00 ,45.30 ; 
6932 ,0.00 ,45.30 ; 
6937 ,0.00 ,45.30 ; 
6942 ,0.00 ,45.30 ; 
6947 ,0.00 ,45.30 ; 
6952 ,0.00 ,45.30 ; 
6957 ,0.00 ,45.30 ; 
6962 ,0.00 ,45.30 ; 
6967 ,0.00 ,45.30 ; 
6972 ,0.00 ,45.30 ; 
6977 ,0.00 ,45.30 ; 
6982 ,0.00 ,45.30 ; 
6987 ,0.00 ,45.30 ; 
6992 ,0.00 ,45.30 ; 
6998 ,0.00 ,45.30 ; 
7003 ,0.00 ,45.30 ; 
7008 ,0.00 ,45.30 ; 
7013 ,0.00 ,45.30 ; 
7018 ,0.00 ,45.30 ; 
7023 ,0.00 ,45.30 ; 
7028 ,0.00 ,45.30 ; 
7033 ,0.00 ,45.30 ; 
7038 ,0.00 ,45.30 ; 
7043 ,0.00 ,45.30 ; 
7048 ,0.00 ,45.30 ; 
7053 ,0.00 ,45.30 ; 
7058 ,0.00 ,45.30 ; 
7063 ,0.00 ,45.30 ; 
7068 ,0.00 ,45.30 ; 
7073 ,0.00 ,45.30 ; 
7078 ,0.00 ,45.30 ; 
7083 ,0.00 ,45.30 ; 
7088 ,0.00 ,45.30 ; 
7093 ,0.00 ,45.30 ; 
7098 ,0.00 ,45.30 ; 
7103 ,0.00 ,45.30 ; 
7108 ,0.00 ,45.30 ; 
7113 ,0.00 ,45.30 ; 
7118 ,0.00 ,45.30 ; 
7123 ,0.00 ,45.30 ; 
7128 ,0.00 ,45.30 ; 
7133 ,0.00 ,45.30 ; 
7138 ,0.00 ,45.30 ; 
7143 ,0.00 ,45.30 ; 
7148 ,0.00 ,45.30 ; 
7153 ,0.00 ,45.30 ; 
7158 ,0.00 ,45.30 ; 
7163 ,0.00 ,45.30 ; 
7168 ,0.00 ,45.30 ; 
7173 ,0.00 ,45.30 ; 
7178 ,0.00 ,45.30 ; 
7183 ,0.00 ,45.30 ; 
7188 ,0.00 ,45.30 ; 
7193 ,0.00 ,45.30 ; 
7198 ,0.00 ,45.30 ; 
7203 ,0.00 ,45.30 ; 
7208 ,0.00 ,45.30 ; 
7213 ,0.00 ,45.30 ; 
7218 ,0.00 ,45.30 ; 
7223 ,0.00 ,45.30 ; 
7228 ,0.00 ,45.30 ; 
7233 ,0.00 ,45.30 ; 
7238 ,0.00 ,45.30 ; 
7243 ,0.00 ,45.30 ; 
7248 ,0.00 ,45.30 ; 
7254 ,0.00 ,45.30 ; 
7259 ,0.00 ,45.30 ; 
7264 ,0.00 ,45.30 ; 
7269 ,0.00 ,45.30 ; 
7274 ,0.00 ,45.30 ; 
7279 ,0.00 ,45.30 ; 
7284 ,0.00 ,45.30 ; 
7289 ,0.00 ,45.30 ; 
7294 ,0.00 ,45.30 ; 
7299 ,0.00 ,45.30 ; 
7304 ,0.00 ,45.30 ; 
7309 ,0.00 ,45.30 ; 
7314 ,0.00 ,45.30 ; 
7319 ,0.00 ,45.30 ; 
7324 ,0.00 ,45.30 ; 
7329 ,0.00 ,45.30 ; 
7334 ,0.00 ,45.30 ; 
7339 ,0.00 ,45.30 ; 
7344 ,0.00 ,45.30 ; 
7349 ,0.00 ,45.30 ; 
7354 ,0.00 ,45.30 ; 
7359 ,0.00 ,45.30 ; 
7364 ,0.00 ,45.30 ; 
7369 ,0.00 ,45.30 ; 
7374 ,0.00 ,45.30 ; 
7379 ,0.00 ,45.30 ; 
7384 ,0.00 ,45.30 ; 
7389 ,0.00 ,45.30 ; 
7394 ,0.00 ,45.30 ; 
7399 ,0.00 ,45.30 ; 
7404 ,0.00 ,45.30 ; 
7409 ,0.00 ,45.30 ; 
7414 ,0.00 ,45.30 ; 
7419 ,0.00 ,45.30 ; 
7424 ,0.00 ,45.30 ; 
7429 ,0.00 ,45.30 ; 
7434 ,0.00 ,45.30 ; 
7439 ,0.00 ,45.30 ; 
7444 ,0.00 ,45.30 ; 
7449 ,0.00 ,45.30 ; 
7454 ,0.00 ,45.30 ; 
7459 ,0.00 ,45.30 ; 
7464 ,0.00 ,45.30 ; 
7469 ,0.00 ,45.30 ; 
7474 ,0.00 ,45.30 ; 
7479 ,0.00 ,45.30 ; 
7484 ,0.00 ,45.30 ; 
7489 ,0.00 ,45.30 ; 
7494 ,0.00 ,45.30 ; 
7499 ,0.00 ,45.30 ; 
7504 ,0.00 ,45.30 ; 
7510 ,0.00 ,45.30 ; 
7515 ,0.00 ,45.30 ; 
7520 ,0.00 ,45.30 ; 
7525 ,0.00 ,45.30 ; 
7530 ,0.00 ,45.30 ; 
7535 ,0.00 ,45.30 ; 
7540 ,0.00 ,45.30 ; 
7545 ,0.00 ,45.30 ; 
7550 ,0.00 ,45.30 ; 
7555 ,0.00 ,45.30 ; 
7560 ,0.00 ,45.30 ; 
7565 ,0.00 ,45.30 ; 
7570 ,0.00 ,45.30 ; 
7575 ,0.00 ,45.30 ; 
7580 ,0.00 ,45.30 ; 
7585 ,0.00 ,45.30 ; 
7590 ,0.00 ,45.30 ; 
7595 ,0.00 ,45.30 ; 
7600 ,0.00 ,45.30 ; 
7605 ,0.00 ,45.30 ; 
7610 ,0.00 ,45.30 ; 
7615 ,0.00 ,45.30 ; 
7620 ,0.00 ,45.30 ; 
7625 ,0.00 ,45.30 ; 
7630 ,0.00 ,45.30 ; 
7635 ,0.00 ,45.30 ; 
7640 ,0.00 ,45.30 ; 
7645 ,0.00 ,45.30 ; 
7650 ,0.00 ,45.30 ; 
7655 ,0.00 ,45.30 ; 
7660 ,0.00 ,45.30 ; 
7665 ,0.00 ,45.30 ; 
7670 ,0.00 ,45.30 ; 
7675 ,0.00 ,45.30 ; 
7680 ,0.00 ,45.30 ; 
7685 ,0.00 ,45.30 ; 
7690 ,0.00 ,45.30 ; 
7695 ,0.00 ,45.30 ; 
7700 ,0.00 ,45.30 ; 
7705 ,0.00 ,45.30 ; 
7710 ,0.00 ,45.30 ; 
7715 ,0.00 ,45.30 ; 
7720 ,0.00 ,45.30 ; 
7725 ,0.00 ,45.30 ; 
7730 ,0.00 ,45.30 ; 
7735 ,0.00 ,45.30 ; 
7740 ,0.00 ,45.30 ; 
7745 ,0.00 ,45.30 ; 
7750 ,0.00 ,45.30 ; 
7755 ,0.00 ,45.30 ; 
7760 ,0.00 ,45.30 ; 
7766 ,0.00 ,45.30 ; 
7771 ,0.00 ,45.30 ; 
7776 ,0.00 ,45.30 ; 
7781 ,0.00 ,45.30 ; 
7786 ,0.00 ,45.30 ; 
7791 ,0.00 ,45.30 ; 
7796 ,0.00 ,45.30 ; 
7801 ,0.00 ,45.30 ; 
7806 ,0.00 ,45.30 ; 
7811 ,0.00 ,45.30 ; 
7816 ,0.00 ,45.30 ; 
7821 ,0.00 ,45.30 ; 
7826 ,0.00 ,45.30 ; 
7831 ,0.00 ,45.30 ; 
7836 ,0.00 ,45.30 ; 
7841 ,0.00 ,45.30 ; 
7846 ,0.00 ,45.30 ; 
7851 ,0.00 ,45.30 ; 
7856 ,0.00 ,45.30 ; 
7861 ,0.00 ,45.30 ; 
7866 ,0.00 ,45.30 ; 
7871 ,0.00 ,45.30 ;